00010010010000000000000000000000000000000000000000
00000010010000000000110000001000000000010000000000
10000011101000011000000000000100000000011011000000
10000011000000011000000000000100000000011011000000
00011010100000000000000000000000000000000000000000
00000010010000000000110000001000000000010000010000
10000011001000011000000000000100000000011011000001
10000010111000011000000000000100000000011011000001
00000110101000001000000000001000000000100000110010
00000010010000000000110000001000000000010000100000
00000000000000000000000000000000000000000000000000
00000000000000000000000000000000000000000000000000
00000010010000000000001000000001000000011000000000
00000010010000000000110000000010000000010000000000
00000010010000000000100000000100000000000101000001
00000011100000001000000000000100000000000000000000
00001010000000000000000000000000000000000000001110
00001010001000000000000000000000000000000000001100
10000100001000011000001000100000000000000000000000
10000100001000011000001000100000000000000000000000
00000010010000000000101000100001000001011000000000
00000010010000000000101000100001000001000110000001
00000010010000000000001000000001000000000100000001
00000010000000000100000000001000000000000000110010
00000010001000000100000000001000000000000000110000
00001011001000000100000000000000000000000000001010
00000101000000001000100100000000001010100000000000
00000010010000000000110000010000000000000000000010
00001011100000000100100000100000000001000000001010
00001011101000000100000000000000000000000000001000
00000010010000000000001000010000100000000000000010
00000010010000000000110000010000000000000000000000
01000000000000000001000000000000000000000000000000
00001100001000000100000000000000000000000000001010
00000000000000000000000000000000000000000000000000
00000100000000000010000000010000000000000000000010
00000100101000001000100100000000001010100000000000
00001100101000000000000000000000000000000000001110
00100100100001000100000010000000000000000000000000
00000011010000000100000000100001100000000000000010
00001101000000000000000000000000000000000000001110
00001101001000000100000000000000000000000000001010
00000101001000001000000001000000000000000000000000
00000010010000000000001000010000100000000000000010
00000100100010000000100100000000000010100000000000
00000110000000001000100100000000010010100000000000
00000000000000000000000000000000000000000000000000
00100110001000000000100100000000010010100000000000
00001110000000000100000000000000000000000000001010
00000010010000000000000000000000000000000000000000
00000101111001000000000000010000000100000000000010
00000000000000000000000000000000000000000000000000
00000000000000000000000000000000000000000000000000
00001110101000000100000000000000000000000000001010
00100100100001100100000010000000000000000000000000
00000101101000000000001000010000100000000000000010
00000000000000000000000000000000000000000000000000
00000010010100000000100100000000011010100000000000
00000000000000000000000000000000000000000000000000
00000000000000000000000000000000000000000000000000
00000000000000000000000000000000000000000000000000
00000000000000000000000000000000000000000000000000
00000000000000000000000000000000000000000000000000
00000000000000000000000000000000000000000000000000