000100100100000000000000000000000000000000000000000000000000000
000000100100000000000001100000000000100000000001000000000000000
100000111010100000110000000000000000010000000001011011001000000
100000110000100000110000000000000000010000000001011011001000000
000110101000000000000000000000000000000000000000000000000000000
000000100100000000000001100000000000100000000001000000010000000
100000110010100000110000000000000000010000000001011011001000001
100000101110100000110000000000000000010000000001011011001000001
100001101010100000010000000000000000100000000010010000111001000
000000100100000000000001100000000000100000000001000000100000000
000000000000000000000000000000000000000000000000000000000000000
000000000000000000000000000000000000000000000000000000000000000
000000100100000000000000010000000000000100000001001000000000000
000000100100000000000001100000000000001000000001000000000000000
000000100100000000000001000000000000010000000000000101000000001
000000111000100000010000000000000000010000000000010000001000000
000010100000000000000000000000000000000000000000000000000111000
000010100010000000000000000000000000000000000000000000000110000
100001000010100000110000010000000010000000000000010000001000000
100001000010100000110000010000000010000000000000010000001000000
000000100100000000000001010000000010000100000101001000000000000
000000100100000000000001010000000010000100000100000110000000001
000000100100000000000000010000000000000100000000000100000000001
000000100000000000001000000000000000100000000000000000110001000
000000100010000000001000000000000000100000000000000000110000000
000010110010000000001000000000000000000000000000000000000101000
100001010000100000010001000000010000000000101010010000001000000
000000100100000000000001100000000001000000000000000000000001000
000010111000000000001001000000000010000000000100000000000101000
000010111010000000001000000000000000000000000000000000000100000
000000100100000000000000010000000001000010000000000000000001000
000000100100000000000001100000000001000000000000000000000000000
010000000000000000000010000000000000000000000000000000000000000
000011000010000000001000000000000000000000000000000000000101000
000001110000000000010000000100000000000000000000000000000000100
000001000000000000000100000000000001000000000000000000000001000
100001001010100000010001000000010000000000101010010000001000000
000011001010000000000000000000000000000000000000000000000111000
001001001000000010001000000000001000000000000000000000000000000
000000110100000000001000000000000010000110000000000000000001000
000011010000000000000000000000000000000000000000000000000111000
000011010010000000001000000000000000000000000000000000000101000
100001010010100000010000000000000100000000000000010000001000000
000000100100000000000000010000000001000010000000000000000001000
000001001000000100000001000000010000000000001010000000000000000
100001100000100000010001000000010000000001001010010000001000000
000001111001000000001000000000100000000000000000100000000000000
001001100010000000000001000000010000000001001010000000000000000
000011100000000000001000000000000000000000000000000000000101000
000000100100000000000000000000000000000000000000000000000000000
000001011110000010000000000000000001000000010000000000000001000
000000000000000000000000000000000000000000000000000000000000000
000000000000000000000000000000000000000000000000000000000000000
000011101010000000001000000000000000000000000000000000000101000
001001001000000011001000000000001000000000000000000000000000000
000001011010000000000000010000000001000010000000000000000001000
000011110000000000001000000000000000000000000000000000000101000
000000100100001000000001000000010000000001101010000000000000000
100001011101000000000000000000000001000000000000000000000001000
000000000000000000000000000000000000000000000000000000000000000
000011111000000000000000000000000000000000000000000000000111000
000000000000000000000000000000000000000000000000000000000000000
110000000000000000010000000001000000000000000000000000000000010
000000000000000000000000000000000000000000000000000000000000000